DATE,BS_CUR_ASSET_REPORT,BS_CUR_LIAB,WORKING_CAP,CHNG_WC,CASH_INVESTMENTS,DEBT
2018-06-01,48257,36822,11435,82.0,22674,46921
2018-03-01,46795,35442,11353,-2036.0,20490,39144
2017-12-01,49122,35733,13389,1017.0,21698,39695
2017-09-01,49735,37363,12372,-673.0,22162,40353
2017-06-01,44742,31697,13045,3998.0,19974,34157
2017-03-01,45013,35966,9047,2639.0,20591,34990
2016-12-01,42889,36481,6408,-1205.0,19197,34804
2016-09-01,43888,36275,7613,627.0,17567,34324
2016-06-01,41433,34447,6986,-2955.0,18904,34071
2016-03-01,43525,33584,9941,-3018.0,19884,36166
2015-12-01,47623,34664,12959,4724.0,24135,36610
2015-09-01,42504,34269,8235,-145.0,18600,31944
2015-06-01,42112,33732,8380,-1271.0,19085,31951
2015-03-01,45186,35535,9651,-1025.0,19099,32040
2014-12-01,46316,35640,10676,2880.0,18624,32411
2014-09-01,47377,39581,7796,2939.0,20081,32975
2014-06-01,47163,42306,4857,-892.0,20558,38827
2014-03-01,48182,42433,5749,-1151.0,21860,40356
2013-12-01,47959,41059,6900,-4297.0,21622,37864
2013-09-01,51351,40154,11197,2886.0,24021,33607
2013-06-01,47533,39222,8311,1437.0,21907,33883
2013-03-01,47911,41037,6874,47.0,22185,31896
2012-12-01,48949,42122,6827,1019.0,23938,31629
2012-09-01,49433,43625,5808,-2834.0,24167,30234
2012-06-01,48141,39499,8642,152.0,23045,31938
2012-03-01,47393,38903,8490,-2148.0,21982,30745
2011-12-01,48847,38209,10638,1834.0,22884,29703
2011-09-01,50928,42124,8804,-540.0,22825,29436
2011-06-01,45372,36028,9344,2250.0,21133,28245
2011-03-01,46937,39843,7094,-41.0,22186,27816
2010-12-01,47523,40388,7135,-419.0,23499,28349
2010-09-01,48116,40562,7554,-1472.0,22730,26878
2010-06-01,44469,35443,9026,-876.0,20534,24873
2010-03-01,44895,34993,9902,-1220.0,21426,24288
2009-12-01,45697,34575,11122,-1811.0,23519,23814
2009-09-01,48935,36002,12933,2448.0,25095,23482
2009-06-01,43446,32961,10485,2480.0,21741,22781
2009-03-01,44435,36430,8005,1435.0,22723,26815
2008-12-01,43995,37425,6570,1.0,22330,28794
2008-09-01,49004,42435,6569,7135.0,29148,33925
2008-06-01,44187,44753,-566,-2195.0,26137,34413
2008-03-01,46312,44683,1629,252.0,27149,34232
2007-12-01,48425,47048,1377,-3989.0,29749,35186
2007-09-01,53177,47811,5366,3788.0,68319,35274
2007-06-01,46588,45010,1578,7369.0,33097,35321
2007-03-01,42293,48084,-5791,-11475.0,29297,34722
2006-12-01,42447,36763,5684,1115.0,29288,23946
2006-09-01,44659,40090,4569,-1171.0,29105,22682
2006-06-01,40669,34929,5740,267.0,25190,21991
2006-03-01,39591,34118,5473,-2842.0,24540,21779
2005-12-01,41583,33268,8315,-2194.0,26558,22485
2005-09-01,45661,35152,10509,1330.0,28288,22641
2005-06-01,39143,29964,9179,866.0,23510,21422
2005-03-01,40510,32197,8313,792.0,24886,23718
2004-12-01,41343,33822,7521,164.0,25388,23412
2004-09-01,47143,39786,7357,94.0,28635,22927
2004-06-01,42430,35167,7263,211.0,19688,21951
2004-03-01,41409,34357,7052,-182.0,18197,21926
2003-12-01,42619,35385,7234,136.0,18784,23666
2003-09-01,44998,37900,7098,-872.0,18388,23632
2003-06-01,40566,32596,7970,-314.0,15869,23024
2003-03-01,39795,31511,8284,333.0,16287,23845
2002-12-01,39737,31786,7951,849.0,16382,25803
2002-09-01,41652,34550,7102,25.0,17415,26017
2002-06-01,37316,30239,7077,2951.0,16434,25744
2002-03-01,36723,32597,4126,-3175.0,15499,25841
2001-12-01,37385,30084,7301,-41.0,15712,24908
2001-09-01,42461,35119,7342,-91.0,18639,27151
2001-06-01,40309,32876,7433,-3192.0,16258,28561
2001-03-01,40574,29949,10625,1552.0,16070,27306
2000-12-01,41975,32902,9073,1599.0,15923,28833
2000-09-01,43880,36406,7474,249.0,31477,28576
2000-06-01,40037,32812,7225,1650.0,3033,29371
2000-03-01,39437,33862,5575,2047.0,3261,29174
1999-12-01,39139,35611,3528,-49.0,3606,28139
1999-09-01,43155,39578,3577,-1522.0,5944,28354
1999-06-01,42877,37778,5099,-2392.0,6026,27903
1999-03-01,43452,35961,7491,971.0,7241,29043
1998-12-01,39801,33281,6520,987.0,5356,29993
1998-09-01,42360,36827,5533,-1757.0,6049,29413
1998-06-01,38802,31512,7290,329.0,5869,28476
1998-03-01,37011,30050,6961,-618.0,5471,27861
1997-12-01,37571,29992,7579,668.0,5889,27696
1997-09-01,40418,33507,6911,-689.0,7789,26926
1997-06-01,38190,30590,7600,1520.0,6486,26141
1997-03-01,38639,32559,6080,1.0,6861,25703
1996-12-01,37320,31241,6079,-616.0,6463,23645
1996-09-01,40695,34000,6695,-1613.0,8967,22829
1996-06-01,39379,31071,8308,1.0,7002,23131
1996-03-01,38936,30629,8307,-215.0,6377,23058
1995-12-01,38854,30332,8522,-521.0,6396,21947
1995-09-01,40691,31648,9043,417.0,8545,21629
1995-06-01,37642,29016,8626,-4546.0,6951,21512
1995-03-01,41701,28529,13172,31.0,10529,23027
1994-12-01,41031,27890,13141,1029.0,10490,22625
1994-09-01,41338,29226,12112,242.0,11371,22118
1994-06-01,40150,28280,11870,1600.0,30325,24317
1994-03-01,38895,28625,10270,2479.0,28392,25249
1993-12-01,39165,31374,7791,1739.0,29118,26879
1993-09-01,39202,33150,6052,599.0,7836,27342
1993-06-01,40252,34799,5453,2382.0,6174,31541
1993-03-01,40865,37794,3071,-309.0,6771,31717
1992-12-01,39746,36366,3380,425.0,5826,29803
1992-09-01,39692,36737,2955,-5970.0,6332,29320
1992-06-01,40140,31215,8925,377.0,4660,30055
1992-03-01,38149,29601,8548,1192.0,4098,27306
1991-12-01,38439,31083,7356,338.0,5896,26867
1991-09-01,40969,33951,7018,-3919.0,5903,26947
1991-06-01,37851,26914,10937,-2294.0,4562,26323
1991-03-01,35516,22285,13231,-1404.0,4700,20755
1990-12-01,37658,23023,14635,991.0,6828,20918
1990-09-01,38920,25276,13644,-429.0,4551,19545
1990-06-01,36528,22455,14073,425.0,4339,19744
1990-03-01,34937,21289,13648,-91.0,4481,18119
1989-12-01,34869,21130,13739,13739.0,5458,18036
1989-09-01,0,0,0,0.0,0,0
1988-09-01,0,0,0,,0,0
